id time Xi
1 1 parent 70.5
2 1 child 61.7
3 2 parent 68.5
4 2 child 61.7
5 3 parent 65.5
6 3 child 61.7
7 4 parent 64.5
8 4 child 61.7
9 5 parent 64
10 5 child 61.7
11 6 parent 67.5
12 6 child 62.2
13 7 parent 67.5
14 7 child 62.2
15 8 parent 67.5
16 8 child 62.2
17 9 parent 66.5
18 9 child 62.2
19 10 parent 66.5
20 10 child 62.2
21 11 parent 66.5
22 11 child 62.2
23 12 parent 64.5
24 12 child 62.2
25 13 parent 70.5
26 13 child 63.2
27 14 parent 69.5
28 14 child 63.2
29 15 parent 68.5
30 15 child 63.2
31 16 parent 68.5
32 16 child 63.2
33 17 parent 68.5
34 17 child 63.2
35 18 parent 68.5
36 18 child 63.2
37 19 parent 68.5
38 19 child 63.2
39 20 parent 68.5
40 20 child 63.2
41 21 parent 68.5
42 21 child 63.2
43 22 parent 67.5
44 22 child 63.2
45 23 parent 67.5
46 23 child 63.2
47 24 parent 67.5
48 24 child 63.2
49 25 parent 67.5
50 25 child 63.2
51 26 parent 67.5
52 26 child 63.2
53 27 parent 66.5
54 27 child 63.2
55 28 parent 66.5
56 28 child 63.2
57 29 parent 66.5
58 29 child 63.2
59 30 parent 65.5
60 30 child 63.2
61 31 parent 65.5
62 31 child 63.2
63 32 parent 65.5
64 32 child 63.2
65 33 parent 65.5
66 33 child 63.2
67 34 parent 65.5
68 34 child 63.2
69 35 parent 65.5
70 35 child 63.2
71 36 parent 65.5
72 36 child 63.2
73 37 parent 65.5
74 37 child 63.2
75 38 parent 65.5
76 38 child 63.2
77 39 parent 64.5
78 39 child 63.2
79 40 parent 64.5
80 40 child 63.2
81 41 parent 64.5
82 41 child 63.2
83 42 parent 64.5
84 42 child 63.2
85 43 parent 64
86 43 child 63.2
87 44 parent 64
88 44 child 63.2
89 45 parent 69.5
90 45 child 64.2
91 46 parent 69.5
92 46 child 64.2
93 47 parent 69.5
94 47 child 64.2
95 48 parent 69.5
96 48 child 64.2
97 49 parent 69.5
98 49 child 64.2
99 50 parent 69.5
100 50 child 64.2
101 51 parent 69.5
102 51 child 64.2
103 52 parent 69.5
104 52 child 64.2
105 53 parent 69.5
106 53 child 64.2
107 54 parent 69.5
108 54 child 64.2
109 55 parent 69.5
110 55 child 64.2
111 56 parent 69.5
112 56 child 64.2
113 57 parent 69.5
114 57 child 64.2
115 58 parent 69.5
116 58 child 64.2
117 59 parent 69.5
118 59 child 64.2
119 60 parent 69.5
120 60 child 64.2
121 61 parent 68.5
122 61 child 64.2
123 62 parent 68.5
124 62 child 64.2
125 63 parent 68.5
126 63 child 64.2
127 64 parent 68.5
128 64 child 64.2
129 65 parent 68.5
130 65 child 64.2
131 66 parent 68.5
132 66 child 64.2
133 67 parent 68.5
134 67 child 64.2
135 68 parent 68.5
136 68 child 64.2
137 69 parent 68.5
138 69 child 64.2
139 70 parent 68.5
140 70 child 64.2
141 71 parent 68.5
142 71 child 64.2
143 72 parent 67.5
144 72 child 64.2
145 73 parent 67.5
146 73 child 64.2
147 74 parent 67.5
148 74 child 64.2
149 75 parent 67.5
150 75 child 64.2
151 76 parent 67.5
152 76 child 64.2
153 77 parent 67.5
154 77 child 64.2
155 78 parent 67.5
156 78 child 64.2
157 79 parent 67.5
158 79 child 64.2
159 80 parent 67.5
160 80 child 64.2
161 81 parent 67.5
162 81 child 64.2
163 82 parent 67.5
164 82 child 64.2
165 83 parent 67.5
166 83 child 64.2
167 84 parent 67.5
168 84 child 64.2
169 85 parent 67.5
170 85 child 64.2
171 86 parent 66.5
172 86 child 64.2
173 87 parent 66.5
174 87 child 64.2
175 88 parent 66.5
176 88 child 64.2
177 89 parent 66.5
178 89 child 64.2
179 90 parent 66.5
180 90 child 64.2
181 91 parent 65.5
182 91 child 64.2
183 92 parent 65.5
184 92 child 64.2
185 93 parent 65.5
186 93 child 64.2
187 94 parent 65.5
188 94 child 64.2
189 95 parent 65.5
190 95 child 64.2
191 96 parent 64.5
192 96 child 64.2
193 97 parent 64.5
194 97 child 64.2
195 98 parent 64.5
196 98 child 64.2
197 99 parent 64.5
198 99 child 64.2
199 100 parent 64
200 100 child 64.2
201 101 parent 64
202 101 child 64.2
203 102 parent 64
204 102 child 64.2
205 103 parent 64
206 103 child 64.2
207 104 parent 71.5
208 104 child 65.2
209 105 parent 70.5
210 105 child 65.2
211 106 parent 69.5
212 106 child 65.2
213 107 parent 69.5
214 107 child 65.2
215 108 parent 69.5
216 108 child 65.2
217 109 parent 69.5
218 109 child 65.2
219 110 parent 68.5
220 110 child 65.2
221 111 parent 68.5
222 111 child 65.2
223 112 parent 68.5
224 112 child 65.2
225 113 parent 68.5
226 113 child 65.2
227 114 parent 68.5
228 114 child 65.2
229 115 parent 68.5
230 115 child 65.2
231 116 parent 68.5
232 116 child 65.2
233 117 parent 68.5
234 117 child 65.2
235 118 parent 68.5
236 118 child 65.2
237 119 parent 68.5
238 119 child 65.2
239 120 parent 68.5
240 120 child 65.2
241 121 parent 68.5
242 121 child 65.2
243 122 parent 68.5
244 122 child 65.2
245 123 parent 68.5
246 123 child 65.2
247 124 parent 68.5
248 124 child 65.2
249 125 parent 68.5
250 125 child 65.2
251 126 parent 67.5
252 126 child 65.2
253 127 parent 67.5
254 127 child 65.2
255 128 parent 67.5
256 128 child 65.2
257 129 parent 67.5
258 129 child 65.2
259 130 parent 67.5
260 130 child 65.2
261 131 parent 67.5
262 131 child 65.2
263 132 parent 67.5
264 132 child 65.2
265 133 parent 67.5
266 133 child 65.2
267 134 parent 67.5
268 134 child 65.2
269 135 parent 67.5
270 135 child 65.2
271 136 parent 67.5
272 136 child 65.2
273 137 parent 67.5
274 137 child 65.2
275 138 parent 67.5
276 138 child 65.2
277 139 parent 67.5
278 139 child 65.2
279 140 parent 67.5
280 140 child 65.2
281 141 parent 66.5
282 141 child 65.2
283 142 parent 66.5
284 142 child 65.2
285 143 parent 65.5
286 143 child 65.2
287 144 parent 65.5
288 144 child 65.2
289 145 parent 65.5
290 145 child 65.2
291 146 parent 65.5
292 146 child 65.2
293 147 parent 65.5
294 147 child 65.2
295 148 parent 65.5
296 148 child 65.2
297 149 parent 65.5
298 149 child 65.2
299 150 parent 64.5
300 150 child 65.2
301 151 parent 64
302 151 child 65.2
303 152 parent 71.5
304 152 child 66.2
305 153 parent 71.5
306 153 child 66.2
307 154 parent 71.5
308 154 child 66.2
309 155 parent 70.5
310 155 child 66.2
311 156 parent 69.5
312 156 child 66.2
313 157 parent 69.5
314 157 child 66.2
315 158 parent 69.5
316 158 child 66.2
317 159 parent 69.5
318 159 child 66.2
319 160 parent 69.5
320 160 child 66.2
321 161 parent 69.5
322 161 child 66.2
323 162 parent 69.5
324 162 child 66.2
325 163 parent 69.5
326 163 child 66.2
327 164 parent 69.5
328 164 child 66.2
329 165 parent 69.5
330 165 child 66.2
331 166 parent 69.5
332 166 child 66.2
333 167 parent 69.5
334 167 child 66.2
335 168 parent 69.5
336 168 child 66.2
337 169 parent 69.5
338 169 child 66.2
339 170 parent 69.5
340 170 child 66.2
341 171 parent 69.5
342 171 child 66.2
343 172 parent 69.5
344 172 child 66.2
345 173 parent 68.5
346 173 child 66.2
347 174 parent 68.5
348 174 child 66.2
349 175 parent 68.5
350 175 child 66.2
351 176 parent 68.5
352 176 child 66.2
353 177 parent 68.5
354 177 child 66.2
355 178 parent 68.5
356 178 child 66.2
357 179 parent 68.5
358 179 child 66.2
359 180 parent 68.5
360 180 child 66.2
361 181 parent 68.5
362 181 child 66.2
363 182 parent 68.5
364 182 child 66.2
365 183 parent 68.5
366 183 child 66.2
367 184 parent 68.5
368 184 child 66.2
369 185 parent 68.5
370 185 child 66.2
371 186 parent 68.5
372 186 child 66.2
373 187 parent 68.5
374 187 child 66.2
375 188 parent 68.5
376 188 child 66.2
377 189 parent 68.5
378 189 child 66.2
379 190 parent 68.5
380 190 child 66.2
381 191 parent 68.5
382 191 child 66.2
383 192 parent 68.5
384 192 child 66.2
385 193 parent 68.5
386 193 child 66.2
387 194 parent 68.5
388 194 child 66.2
389 195 parent 68.5
390 195 child 66.2
391 196 parent 68.5
392 196 child 66.2
393 197 parent 68.5
394 197 child 66.2
395 198 parent 67.5
396 198 child 66.2
397 199 parent 67.5
398 199 child 66.2
399 200 parent 67.5
400 200 child 66.2
401 201 parent 67.5
402 201 child 66.2
403 202 parent 67.5
404 202 child 66.2
405 203 parent 67.5
406 203 child 66.2
407 204 parent 67.5
408 204 child 66.2
409 205 parent 67.5
410 205 child 66.2
411 206 parent 67.5
412 206 child 66.2
413 207 parent 67.5
414 207 child 66.2
415 208 parent 67.5
416 208 child 66.2
417 209 parent 67.5
418 209 child 66.2
419 210 parent 67.5
420 210 child 66.2
421 211 parent 67.5
422 211 child 66.2
423 212 parent 67.5
424 212 child 66.2
425 213 parent 67.5
426 213 child 66.2
427 214 parent 67.5
428 214 child 66.2
429 215 parent 67.5
430 215 child 66.2
431 216 parent 67.5
432 216 child 66.2
433 217 parent 67.5
434 217 child 66.2
435 218 parent 67.5
436 218 child 66.2
437 219 parent 67.5
438 219 child 66.2
439 220 parent 67.5
440 220 child 66.2
441 221 parent 67.5
442 221 child 66.2
443 222 parent 67.5
444 222 child 66.2
445 223 parent 67.5
446 223 child 66.2
447 224 parent 67.5
448 224 child 66.2
449 225 parent 67.5
450 225 child 66.2
451 226 parent 67.5
452 226 child 66.2
453 227 parent 67.5
454 227 child 66.2
455 228 parent 67.5
456 228 child 66.2
457 229 parent 67.5
458 229 child 66.2
459 230 parent 67.5
460 230 child 66.2
461 231 parent 67.5
462 231 child 66.2
463 232 parent 67.5
464 232 child 66.2
465 233 parent 67.5
466 233 child 66.2
467 234 parent 66.5
468 234 child 66.2
469 235 parent 66.5
470 235 child 66.2
471 236 parent 66.5
472 236 child 66.2
473 237 parent 66.5
474 237 child 66.2
475 238 parent 66.5
476 238 child 66.2
477 239 parent 66.5
478 239 child 66.2
479 240 parent 66.5
480 240 child 66.2
481 241 parent 66.5
482 241 child 66.2
483 242 parent 66.5
484 242 child 66.2
485 243 parent 66.5
486 243 child 66.2
487 244 parent 66.5
488 244 child 66.2
489 245 parent 66.5
490 245 child 66.2
491 246 parent 66.5
492 246 child 66.2
493 247 parent 66.5
494 247 child 66.2
495 248 parent 66.5
496 248 child 66.2
497 249 parent 66.5
498 249 child 66.2
499 250 parent 66.5
500 250 child 66.2
501 251 parent 65.5
502 251 child 66.2
503 252 parent 65.5
504 252 child 66.2
505 253 parent 65.5
506 253 child 66.2
507 254 parent 65.5
508 254 child 66.2
509 255 parent 65.5
510 255 child 66.2
511 256 parent 65.5
512 256 child 66.2
513 257 parent 65.5
514 257 child 66.2
515 258 parent 65.5
516 258 child 66.2
517 259 parent 65.5
518 259 child 66.2
519 260 parent 65.5
520 260 child 66.2
521 261 parent 65.5
522 261 child 66.2
523 262 parent 64.5
524 262 child 66.2
525 263 parent 64.5
526 263 child 66.2
527 264 parent 64.5
528 264 child 66.2
529 265 parent 64.5
530 265 child 66.2
531 266 parent 64.5
532 266 child 66.2
533 267 parent 64
534 267 child 66.2
535 268 parent 64
536 268 child 66.2
537 269 parent 71.5
538 269 child 67.2
539 270 parent 71.5
540 270 child 67.2
541 271 parent 71.5
542 271 child 67.2
543 272 parent 71.5
544 272 child 67.2
545 273 parent 70.5
546 273 child 67.2
547 274 parent 70.5
548 274 child 67.2
549 275 parent 70.5
550 275 child 67.2
551 276 parent 69.5
552 276 child 67.2
553 277 parent 69.5
554 277 child 67.2
555 278 parent 69.5
556 278 child 67.2
557 279 parent 69.5
558 279 child 67.2
559 280 parent 69.5
560 280 child 67.2
561 281 parent 69.5
562 281 child 67.2
563 282 parent 69.5
564 282 child 67.2
565 283 parent 69.5
566 283 child 67.2
567 284 parent 69.5
568 284 child 67.2
569 285 parent 69.5
570 285 child 67.2
571 286 parent 69.5
572 286 child 67.2
573 287 parent 69.5
574 287 child 67.2
575 288 parent 69.5
576 288 child 67.2
577 289 parent 69.5
578 289 child 67.2
579 290 parent 69.5
580 290 child 67.2
581 291 parent 69.5
582 291 child 67.2
583 292 parent 69.5
584 292 child 67.2
585 293 parent 69.5
586 293 child 67.2
587 294 parent 69.5
588 294 child 67.2
589 295 parent 69.5
590 295 child 67.2
591 296 parent 69.5
592 296 child 67.2
593 297 parent 69.5
594 297 child 67.2
595 298 parent 69.5
596 298 child 67.2
597 299 parent 69.5
598 299 child 67.2
599 300 parent 69.5
600 300 child 67.2
601 301 parent 69.5
602 301 child 67.2
603 302 parent 69.5
604 302 child 67.2
605 303 parent 68.5
606 303 child 67.2
607 304 parent 68.5
608 304 child 67.2
609 305 parent 68.5
610 305 child 67.2
611 306 parent 68.5
612 306 child 67.2
613 307 parent 68.5
614 307 child 67.2
615 308 parent 68.5
616 308 child 67.2
617 309 parent 68.5
618 309 child 67.2
619 310 parent 68.5
620 310 child 67.2
621 311 parent 68.5
622 311 child 67.2
623 312 parent 68.5
624 312 child 67.2
625 313 parent 68.5
626 313 child 67.2
627 314 parent 68.5
628 314 child 67.2
629 315 parent 68.5
630 315 child 67.2
631 316 parent 68.5
632 316 child 67.2
633 317 parent 68.5
634 317 child 67.2
635 318 parent 68.5
636 318 child 67.2
637 319 parent 68.5
638 319 child 67.2
639 320 parent 68.5
640 320 child 67.2
641 321 parent 68.5
642 321 child 67.2
643 322 parent 68.5
644 322 child 67.2
645 323 parent 68.5
646 323 child 67.2
647 324 parent 68.5
648 324 child 67.2
649 325 parent 68.5
650 325 child 67.2
651 326 parent 68.5
652 326 child 67.2
653 327 parent 68.5
654 327 child 67.2
655 328 parent 68.5
656 328 child 67.2
657 329 parent 68.5
658 329 child 67.2
659 330 parent 68.5
660 330 child 67.2
661 331 parent 68.5
662 331 child 67.2
663 332 parent 68.5
664 332 child 67.2
665 333 parent 68.5
666 333 child 67.2
667 334 parent 67.5
668 334 child 67.2
669 335 parent 67.5
670 335 child 67.2
671 336 parent 67.5
672 336 child 67.2
673 337 parent 67.5
674 337 child 67.2
675 338 parent 67.5
676 338 child 67.2
677 339 parent 67.5
678 339 child 67.2
679 340 parent 67.5
680 340 child 67.2
681 341 parent 67.5
682 341 child 67.2
683 342 parent 67.5
684 342 child 67.2
685 343 parent 67.5
686 343 child 67.2
687 344 parent 67.5
688 344 child 67.2
689 345 parent 67.5
690 345 child 67.2
691 346 parent 67.5
692 346 child 67.2
693 347 parent 67.5
694 347 child 67.2
695 348 parent 67.5
696 348 child 67.2
697 349 parent 67.5
698 349 child 67.2
699 350 parent 67.5
700 350 child 67.2
701 351 parent 67.5
702 351 child 67.2
703 352 parent 67.5
704 352 child 67.2
705 353 parent 67.5
706 353 child 67.2
707 354 parent 67.5
708 354 child 67.2
709 355 parent 67.5
710 355 child 67.2
711 356 parent 67.5
712 356 child 67.2
713 357 parent 67.5
714 357 child 67.2
715 358 parent 67.5
716 358 child 67.2
717 359 parent 67.5
718 359 child 67.2
719 360 parent 67.5
720 360 child 67.2
721 361 parent 67.5
722 361 child 67.2
723 362 parent 67.5
724 362 child 67.2
725 363 parent 67.5
726 363 child 67.2
727 364 parent 67.5
728 364 child 67.2
729 365 parent 67.5
730 365 child 67.2
731 366 parent 67.5
732 366 child 67.2
733 367 parent 67.5
734 367 child 67.2
735 368 parent 67.5
736 368 child 67.2
737 369 parent 67.5
738 369 child 67.2
739 370 parent 67.5
740 370 child 67.2
741 371 parent 67.5
742 371 child 67.2
743 372 parent 66.5
744 372 child 67.2
745 373 parent 66.5
746 373 child 67.2
747 374 parent 66.5
748 374 child 67.2
749 375 parent 66.5
750 375 child 67.2
751 376 parent 66.5
752 376 child 67.2
753 377 parent 66.5
754 377 child 67.2
755 378 parent 66.5
756 378 child 67.2
757 379 parent 66.5
758 379 child 67.2
759 380 parent 66.5
760 380 child 67.2
761 381 parent 66.5
762 381 child 67.2
763 382 parent 66.5
764 382 child 67.2
765 383 parent 66.5
766 383 child 67.2
767 384 parent 66.5
768 384 child 67.2
769 385 parent 66.5
770 385 child 67.2
771 386 parent 66.5
772 386 child 67.2
773 387 parent 66.5
774 387 child 67.2
775 388 parent 66.5
776 388 child 67.2
777 389 parent 65.5
778 389 child 67.2
779 390 parent 65.5
780 390 child 67.2
781 391 parent 65.5
782 391 child 67.2
783 392 parent 65.5
784 392 child 67.2
785 393 parent 65.5
786 393 child 67.2
787 394 parent 65.5
788 394 child 67.2
789 395 parent 65.5
790 395 child 67.2
791 396 parent 65.5
792 396 child 67.2
793 397 parent 65.5
794 397 child 67.2
795 398 parent 65.5
796 398 child 67.2
797 399 parent 65.5
798 399 child 67.2
799 400 parent 64.5
800 400 child 67.2
801 401 parent 64.5
802 401 child 67.2
803 402 parent 64.5
804 402 child 67.2
805 403 parent 64.5
806 403 child 67.2
807 404 parent 64.5
808 404 child 67.2
809 405 parent 64
810 405 child 67.2
811 406 parent 64
812 406 child 67.2
813 407 parent 72.5
814 407 child 68.2
815 408 parent 71.5
816 408 child 68.2
817 409 parent 71.5
818 409 child 68.2
819 410 parent 71.5
820 410 child 68.2
821 411 parent 70.5
822 411 child 68.2
823 412 parent 70.5
824 412 child 68.2
825 413 parent 70.5
826 413 child 68.2
827 414 parent 70.5
828 414 child 68.2
829 415 parent 70.5
830 415 child 68.2
831 416 parent 70.5
832 416 child 68.2
833 417 parent 70.5
834 417 child 68.2
835 418 parent 70.5
836 418 child 68.2
837 419 parent 70.5
838 419 child 68.2
839 420 parent 70.5
840 420 child 68.2
841 421 parent 70.5
842 421 child 68.2
843 422 parent 70.5
844 422 child 68.2
845 423 parent 69.5
846 423 child 68.2
847 424 parent 69.5
848 424 child 68.2
849 425 parent 69.5
850 425 child 68.2
851 426 parent 69.5
852 426 child 68.2
853 427 parent 69.5
854 427 child 68.2
855 428 parent 69.5
856 428 child 68.2
857 429 parent 69.5
858 429 child 68.2
859 430 parent 69.5
860 430 child 68.2
861 431 parent 69.5
862 431 child 68.2
863 432 parent 69.5
864 432 child 68.2
865 433 parent 69.5
866 433 child 68.2
867 434 parent 69.5
868 434 child 68.2
869 435 parent 69.5
870 435 child 68.2
871 436 parent 69.5
872 436 child 68.2
873 437 parent 69.5
874 437 child 68.2
875 438 parent 69.5
876 438 child 68.2
877 439 parent 69.5
878 439 child 68.2
879 440 parent 69.5
880 440 child 68.2
881 441 parent 69.5
882 441 child 68.2
883 442 parent 69.5
884 442 child 68.2
885 443 parent 68.5
886 443 child 68.2
887 444 parent 68.5
888 444 child 68.2
889 445 parent 68.5
890 445 child 68.2
891 446 parent 68.5
892 446 child 68.2
893 447 parent 68.5
894 447 child 68.2
895 448 parent 68.5
896 448 child 68.2
897 449 parent 68.5
898 449 child 68.2
899 450 parent 68.5
900 450 child 68.2
901 451 parent 68.5
902 451 child 68.2
903 452 parent 68.5
904 452 child 68.2
905 453 parent 68.5
906 453 child 68.2
907 454 parent 68.5
908 454 child 68.2
909 455 parent 68.5
910 455 child 68.2
911 456 parent 68.5
912 456 child 68.2
913 457 parent 68.5
914 457 child 68.2
915 458 parent 68.5
916 458 child 68.2
917 459 parent 68.5
918 459 child 68.2
919 460 parent 68.5
920 460 child 68.2
921 461 parent 68.5
922 461 child 68.2
923 462 parent 68.5
924 462 child 68.2
925 463 parent 68.5
926 463 child 68.2
927 464 parent 68.5
928 464 child 68.2
929 465 parent 68.5
930 465 child 68.2
931 466 parent 68.5
932 466 child 68.2
933 467 parent 68.5
934 467 child 68.2
935 468 parent 68.5
936 468 child 68.2
937 469 parent 68.5
938 469 child 68.2
939 470 parent 68.5
940 470 child 68.2
941 471 parent 68.5
942 471 child 68.2
943 472 parent 68.5
944 472 child 68.2
945 473 parent 68.5
946 473 child 68.2
947 474 parent 68.5
948 474 child 68.2
949 475 parent 68.5
950 475 child 68.2
951 476 parent 68.5
952 476 child 68.2
953 477 parent 67.5
954 477 child 68.2
955 478 parent 67.5
956 478 child 68.2
957 479 parent 67.5
958 479 child 68.2
959 480 parent 67.5
960 480 child 68.2
961 481 parent 67.5
962 481 child 68.2
963 482 parent 67.5
964 482 child 68.2
965 483 parent 67.5
966 483 child 68.2
967 484 parent 67.5
968 484 child 68.2
969 485 parent 67.5
970 485 child 68.2
971 486 parent 67.5
972 486 child 68.2
973 487 parent 67.5
974 487 child 68.2
975 488 parent 67.5
976 488 child 68.2
977 489 parent 67.5
978 489 child 68.2
979 490 parent 67.5
980 490 child 68.2
981 491 parent 67.5
982 491 child 68.2
983 492 parent 67.5
984 492 child 68.2
985 493 parent 67.5
986 493 child 68.2
987 494 parent 67.5
988 494 child 68.2
989 495 parent 67.5
990 495 child 68.2
991 496 parent 67.5
992 496 child 68.2
993 497 parent 67.5
994 497 child 68.2
995 498 parent 67.5
996 498 child 68.2
997 499 parent 67.5
998 499 child 68.2
999 500 parent 67.5
1000 500 child 68.2
1001 501 parent 67.5
1002 501 child 68.2
1003 502 parent 67.5
1004 502 child 68.2
1005 503 parent 67.5
1006 503 child 68.2
1007 504 parent 67.5
1008 504 child 68.2
1009 505 parent 66.5
1010 505 child 68.2
1011 506 parent 66.5
1012 506 child 68.2
1013 507 parent 66.5
1014 507 child 68.2
1015 508 parent 66.5
1016 508 child 68.2
1017 509 parent 66.5
1018 509 child 68.2
1019 510 parent 66.5
1020 510 child 68.2
1021 511 parent 66.5
1022 511 child 68.2
1023 512 parent 66.5
1024 512 child 68.2
1025 513 parent 66.5
1026 513 child 68.2
1027 514 parent 66.5
1028 514 child 68.2
1029 515 parent 66.5
1030 515 child 68.2
1031 516 parent 66.5
1032 516 child 68.2
1033 517 parent 66.5
1034 517 child 68.2
1035 518 parent 66.5
1036 518 child 68.2
1037 519 parent 65.5
1038 519 child 68.2
1039 520 parent 65.5
1040 520 child 68.2
1041 521 parent 65.5
1042 521 child 68.2
1043 522 parent 65.5
1044 522 child 68.2
1045 523 parent 65.5
1046 523 child 68.2
1047 524 parent 65.5
1048 524 child 68.2
1049 525 parent 65.5
1050 525 child 68.2
1051 526 parent 64
1052 526 child 68.2
1053 527 parent 72.5
1054 527 child 69.2
1055 528 parent 72.5
1056 528 child 69.2
1057 529 parent 71.5
1058 529 child 69.2
1059 530 parent 71.5
1060 530 child 69.2
1061 531 parent 71.5
1062 531 child 69.2
1063 532 parent 71.5
1064 532 child 69.2
1065 533 parent 71.5
1066 533 child 69.2
1067 534 parent 70.5
1068 534 child 69.2
1069 535 parent 70.5
1070 535 child 69.2
1071 536 parent 70.5
1072 536 child 69.2
1073 537 parent 70.5
1074 537 child 69.2
1075 538 parent 70.5
1076 538 child 69.2
1077 539 parent 70.5
1078 539 child 69.2
1079 540 parent 70.5
1080 540 child 69.2
1081 541 parent 70.5
1082 541 child 69.2
1083 542 parent 70.5
1084 542 child 69.2
1085 543 parent 70.5
1086 543 child 69.2
1087 544 parent 70.5
1088 544 child 69.2
1089 545 parent 70.5
1090 545 child 69.2
1091 546 parent 70.5
1092 546 child 69.2
1093 547 parent 70.5
1094 547 child 69.2
1095 548 parent 70.5
1096 548 child 69.2
1097 549 parent 70.5
1098 549 child 69.2
1099 550 parent 70.5
1100 550 child 69.2
1101 551 parent 70.5
1102 551 child 69.2
1103 552 parent 69.5
1104 552 child 69.2
1105 553 parent 69.5
1106 553 child 69.2
1107 554 parent 69.5
1108 554 child 69.2
1109 555 parent 69.5
1110 555 child 69.2
1111 556 parent 69.5
1112 556 child 69.2
1113 557 parent 69.5
1114 557 child 69.2
1115 558 parent 69.5
1116 558 child 69.2
1117 559 parent 69.5
1118 559 child 69.2
1119 560 parent 69.5
1120 560 child 69.2
1121 561 parent 69.5
1122 561 child 69.2
1123 562 parent 69.5
1124 562 child 69.2
1125 563 parent 69.5
1126 563 child 69.2
1127 564 parent 69.5
1128 564 child 69.2
1129 565 parent 69.5
1130 565 child 69.2
1131 566 parent 69.5
1132 566 child 69.2
1133 567 parent 69.5
1134 567 child 69.2
1135 568 parent 69.5
1136 568 child 69.2
1137 569 parent 69.5
1138 569 child 69.2
1139 570 parent 69.5
1140 570 child 69.2
1141 571 parent 69.5
1142 571 child 69.2
1143 572 parent 69.5
1144 572 child 69.2
1145 573 parent 69.5
1146 573 child 69.2
1147 574 parent 69.5
1148 574 child 69.2
1149 575 parent 69.5
1150 575 child 69.2
1151 576 parent 69.5
1152 576 child 69.2
1153 577 parent 69.5
1154 577 child 69.2
1155 578 parent 69.5
1156 578 child 69.2
1157 579 parent 69.5
1158 579 child 69.2
1159 580 parent 69.5
1160 580 child 69.2
1161 581 parent 69.5
1162 581 child 69.2
1163 582 parent 69.5
1164 582 child 69.2
1165 583 parent 69.5
1166 583 child 69.2
1167 584 parent 69.5
1168 584 child 69.2
1169 585 parent 68.5
1170 585 child 69.2
1171 586 parent 68.5
1172 586 child 69.2
1173 587 parent 68.5
1174 587 child 69.2
1175 588 parent 68.5
1176 588 child 69.2
1177 589 parent 68.5
1178 589 child 69.2
1179 590 parent 68.5
1180 590 child 69.2
1181 591 parent 68.5
1182 591 child 69.2
1183 592 parent 68.5
1184 592 child 69.2
1185 593 parent 68.5
1186 593 child 69.2
1187 594 parent 68.5
1188 594 child 69.2
1189 595 parent 68.5
1190 595 child 69.2
1191 596 parent 68.5
1192 596 child 69.2
1193 597 parent 68.5
1194 597 child 69.2
1195 598 parent 68.5
1196 598 child 69.2
1197 599 parent 68.5
1198 599 child 69.2
1199 600 parent 68.5
1200 600 child 69.2
1201 601 parent 68.5
1202 601 child 69.2
1203 602 parent 68.5
1204 602 child 69.2
1205 603 parent 68.5
1206 603 child 69.2
1207 604 parent 68.5
1208 604 child 69.2
1209 605 parent 68.5
1210 605 child 69.2
1211 606 parent 68.5
1212 606 child 69.2
1213 607 parent 68.5
1214 607 child 69.2
1215 608 parent 68.5
1216 608 child 69.2
1217 609 parent 68.5
1218 609 child 69.2
1219 610 parent 68.5
1220 610 child 69.2
1221 611 parent 68.5
1222 611 child 69.2
1223 612 parent 68.5
1224 612 child 69.2
1225 613 parent 68.5
1226 613 child 69.2
1227 614 parent 68.5
1228 614 child 69.2
1229 615 parent 68.5
1230 615 child 69.2
1231 616 parent 68.5
1232 616 child 69.2
1233 617 parent 68.5
1234 617 child 69.2
1235 618 parent 68.5
1236 618 child 69.2
1237 619 parent 68.5
1238 619 child 69.2
1239 620 parent 68.5
1240 620 child 69.2
1241 621 parent 68.5
1242 621 child 69.2
1243 622 parent 68.5
1244 622 child 69.2
1245 623 parent 68.5
1246 623 child 69.2
1247 624 parent 68.5
1248 624 child 69.2
1249 625 parent 68.5
1250 625 child 69.2
1251 626 parent 68.5
1252 626 child 69.2
1253 627 parent 68.5
1254 627 child 69.2
1255 628 parent 68.5
1256 628 child 69.2
1257 629 parent 68.5
1258 629 child 69.2
1259 630 parent 68.5
1260 630 child 69.2
1261 631 parent 68.5
1262 631 child 69.2
1263 632 parent 68.5
1264 632 child 69.2
1265 633 parent 67.5
1266 633 child 69.2
1267 634 parent 67.5
1268 634 child 69.2
1269 635 parent 67.5
1270 635 child 69.2
1271 636 parent 67.5
1272 636 child 69.2
1273 637 parent 67.5
1274 637 child 69.2
1275 638 parent 67.5
1276 638 child 69.2
1277 639 parent 67.5
1278 639 child 69.2
1279 640 parent 67.5
1280 640 child 69.2
1281 641 parent 67.5
1282 641 child 69.2
1283 642 parent 67.5
1284 642 child 69.2
1285 643 parent 67.5
1286 643 child 69.2
1287 644 parent 67.5
1288 644 child 69.2
1289 645 parent 67.5
1290 645 child 69.2
1291 646 parent 67.5
1292 646 child 69.2
1293 647 parent 67.5
1294 647 child 69.2
1295 648 parent 67.5
1296 648 child 69.2
1297 649 parent 67.5
1298 649 child 69.2
1299 650 parent 67.5
1300 650 child 69.2
1301 651 parent 67.5
1302 651 child 69.2
1303 652 parent 67.5
1304 652 child 69.2
1305 653 parent 67.5
1306 653 child 69.2
1307 654 parent 67.5
1308 654 child 69.2
1309 655 parent 67.5
1310 655 child 69.2
1311 656 parent 67.5
1312 656 child 69.2
1313 657 parent 67.5
1314 657 child 69.2
1315 658 parent 67.5
1316 658 child 69.2
1317 659 parent 67.5
1318 659 child 69.2
1319 660 parent 67.5
1320 660 child 69.2
1321 661 parent 67.5
1322 661 child 69.2
1323 662 parent 67.5
1324 662 child 69.2
1325 663 parent 67.5
1326 663 child 69.2
1327 664 parent 67.5
1328 664 child 69.2
1329 665 parent 67.5
1330 665 child 69.2
1331 666 parent 67.5
1332 666 child 69.2
1333 667 parent 67.5
1334 667 child 69.2
1335 668 parent 67.5
1336 668 child 69.2
1337 669 parent 67.5
1338 669 child 69.2
1339 670 parent 67.5
1340 670 child 69.2
1341 671 parent 66.5
1342 671 child 69.2
1343 672 parent 66.5
1344 672 child 69.2
1345 673 parent 66.5
1346 673 child 69.2
1347 674 parent 66.5
1348 674 child 69.2
1349 675 parent 66.5
1350 675 child 69.2
1351 676 parent 66.5
1352 676 child 69.2
1353 677 parent 66.5
1354 677 child 69.2
1355 678 parent 66.5
1356 678 child 69.2
1357 679 parent 66.5
1358 679 child 69.2
1359 680 parent 66.5
1360 680 child 69.2
1361 681 parent 66.5
1362 681 child 69.2
1363 682 parent 66.5
1364 682 child 69.2
1365 683 parent 66.5
1366 683 child 69.2
1367 684 parent 65.5
1368 684 child 69.2
1369 685 parent 65.5
1370 685 child 69.2
1371 686 parent 65.5
1372 686 child 69.2
1373 687 parent 65.5
1374 687 child 69.2
1375 688 parent 65.5
1376 688 child 69.2
1377 689 parent 65.5
1378 689 child 69.2
1379 690 parent 65.5
1380 690 child 69.2
1381 691 parent 64.5
1382 691 child 69.2
1383 692 parent 64.5
1384 692 child 69.2
1385 693 parent 64
1386 693 child 69.2
1387 694 parent 72.5
1388 694 child 70.2
1389 695 parent 71.5
1390 695 child 70.2
1391 696 parent 71.5
1392 696 child 70.2
1393 697 parent 71.5
1394 697 child 70.2
1395 698 parent 71.5
1396 698 child 70.2
1397 699 parent 71.5
1398 699 child 70.2
1399 700 parent 71.5
1400 700 child 70.2
1401 701 parent 71.5
1402 701 child 70.2
1403 702 parent 71.5
1404 702 child 70.2
1405 703 parent 71.5
1406 703 child 70.2
1407 704 parent 71.5
1408 704 child 70.2
1409 705 parent 70.5
1410 705 child 70.2
1411 706 parent 70.5
1412 706 child 70.2
1413 707 parent 70.5
1414 707 child 70.2
1415 708 parent 70.5
1416 708 child 70.2
1417 709 parent 70.5
1418 709 child 70.2
1419 710 parent 70.5
1420 710 child 70.2
1421 711 parent 70.5
1422 711 child 70.2
1423 712 parent 70.5
1424 712 child 70.2
1425 713 parent 70.5
1426 713 child 70.2
1427 714 parent 70.5
1428 714 child 70.2
1429 715 parent 70.5
1430 715 child 70.2
1431 716 parent 70.5
1432 716 child 70.2
1433 717 parent 70.5
1434 717 child 70.2
1435 718 parent 70.5
1436 718 child 70.2
1437 719 parent 69.5
1438 719 child 70.2
1439 720 parent 69.5
1440 720 child 70.2
1441 721 parent 69.5
1442 721 child 70.2
1443 722 parent 69.5
1444 722 child 70.2
1445 723 parent 69.5
1446 723 child 70.2
1447 724 parent 69.5
1448 724 child 70.2
1449 725 parent 69.5
1450 725 child 70.2
1451 726 parent 69.5
1452 726 child 70.2
1453 727 parent 69.5
1454 727 child 70.2
1455 728 parent 69.5
1456 728 child 70.2
1457 729 parent 69.5
1458 729 child 70.2
1459 730 parent 69.5
1460 730 child 70.2
1461 731 parent 69.5
1462 731 child 70.2
1463 732 parent 69.5
1464 732 child 70.2
1465 733 parent 69.5
1466 733 child 70.2
1467 734 parent 69.5
1468 734 child 70.2
1469 735 parent 69.5
1470 735 child 70.2
1471 736 parent 69.5
1472 736 child 70.2
1473 737 parent 69.5
1474 737 child 70.2
1475 738 parent 69.5
1476 738 child 70.2
1477 739 parent 69.5
1478 739 child 70.2
1479 740 parent 69.5
1480 740 child 70.2
1481 741 parent 69.5
1482 741 child 70.2
1483 742 parent 69.5
1484 742 child 70.2
1485 743 parent 69.5
1486 743 child 70.2
1487 744 parent 68.5
1488 744 child 70.2
1489 745 parent 68.5
1490 745 child 70.2
1491 746 parent 68.5
1492 746 child 70.2
1493 747 parent 68.5
1494 747 child 70.2
1495 748 parent 68.5
1496 748 child 70.2
1497 749 parent 68.5
1498 749 child 70.2
1499 750 parent 68.5
1500 750 child 70.2
1501 751 parent 68.5
1502 751 child 70.2
1503 752 parent 68.5
1504 752 child 70.2
1505 753 parent 68.5
1506 753 child 70.2
1507 754 parent 68.5
1508 754 child 70.2
1509 755 parent 68.5
1510 755 child 70.2
1511 756 parent 68.5
1512 756 child 70.2
1513 757 parent 68.5
1514 757 child 70.2
1515 758 parent 68.5
1516 758 child 70.2
1517 759 parent 68.5
1518 759 child 70.2
1519 760 parent 68.5
1520 760 child 70.2
1521 761 parent 68.5
1522 761 child 70.2
1523 762 parent 68.5
1524 762 child 70.2
1525 763 parent 68.5
1526 763 child 70.2
1527 764 parent 68.5
1528 764 child 70.2
1529 765 parent 67.5
1530 765 child 70.2
1531 766 parent 67.5
1532 766 child 70.2
1533 767 parent 67.5
1534 767 child 70.2
1535 768 parent 67.5
1536 768 child 70.2
1537 769 parent 67.5
1538 769 child 70.2
1539 770 parent 67.5
1540 770 child 70.2
1541 771 parent 67.5
1542 771 child 70.2
1543 772 parent 67.5
1544 772 child 70.2
1545 773 parent 67.5
1546 773 child 70.2
1547 774 parent 67.5
1548 774 child 70.2
1549 775 parent 67.5
1550 775 child 70.2
1551 776 parent 67.5
1552 776 child 70.2
1553 777 parent 67.5
1554 777 child 70.2
1555 778 parent 67.5
1556 778 child 70.2
1557 779 parent 67.5
1558 779 child 70.2
1559 780 parent 67.5
1560 780 child 70.2
1561 781 parent 67.5
1562 781 child 70.2
1563 782 parent 67.5
1564 782 child 70.2
1565 783 parent 67.5
1566 783 child 70.2
1567 784 parent 66.5
1568 784 child 70.2
1569 785 parent 66.5
1570 785 child 70.2
1571 786 parent 66.5
1572 786 child 70.2
1573 787 parent 66.5
1574 787 child 70.2
1575 788 parent 65.5
1576 788 child 70.2
1577 789 parent 65.5
1578 789 child 70.2
1579 790 parent 65.5
1580 790 child 70.2
1581 791 parent 65.5
1582 791 child 70.2
1583 792 parent 65.5
1584 792 child 70.2
1585 793 parent 72.5
1586 793 child 71.2
1587 794 parent 72.5
1588 794 child 71.2
1589 795 parent 71.5
1590 795 child 71.2
1591 796 parent 71.5
1592 796 child 71.2
1593 797 parent 71.5
1594 797 child 71.2
1595 798 parent 71.5
1596 798 child 71.2
1597 799 parent 70.5
1598 799 child 71.2
1599 800 parent 70.5
1600 800 child 71.2
1601 801 parent 70.5
1602 801 child 71.2
1603 802 parent 70.5
1604 802 child 71.2
1605 803 parent 70.5
1606 803 child 71.2
1607 804 parent 70.5
1608 804 child 71.2
1609 805 parent 70.5
1610 805 child 71.2
1611 806 parent 69.5
1612 806 child 71.2
1613 807 parent 69.5
1614 807 child 71.2
1615 808 parent 69.5
1616 808 child 71.2
1617 809 parent 69.5
1618 809 child 71.2
1619 810 parent 69.5
1620 810 child 71.2
1621 811 parent 69.5
1622 811 child 71.2
1623 812 parent 69.5
1624 812 child 71.2
1625 813 parent 69.5
1626 813 child 71.2
1627 814 parent 69.5
1628 814 child 71.2
1629 815 parent 69.5
1630 815 child 71.2
1631 816 parent 69.5
1632 816 child 71.2
1633 817 parent 69.5
1634 817 child 71.2
1635 818 parent 69.5
1636 818 child 71.2
1637 819 parent 69.5
1638 819 child 71.2
1639 820 parent 69.5
1640 820 child 71.2
1641 821 parent 69.5
1642 821 child 71.2
1643 822 parent 69.5
1644 822 child 71.2
1645 823 parent 69.5
1646 823 child 71.2
1647 824 parent 69.5
1648 824 child 71.2
1649 825 parent 69.5
1650 825 child 71.2
1651 826 parent 68.5
1652 826 child 71.2
1653 827 parent 68.5
1654 827 child 71.2
1655 828 parent 68.5
1656 828 child 71.2
1657 829 parent 68.5
1658 829 child 71.2
1659 830 parent 68.5
1660 830 child 71.2
1661 831 parent 68.5
1662 831 child 71.2
1663 832 parent 68.5
1664 832 child 71.2
1665 833 parent 68.5
1666 833 child 71.2
1667 834 parent 68.5
1668 834 child 71.2
1669 835 parent 68.5
1670 835 child 71.2
1671 836 parent 68.5
1672 836 child 71.2
1673 837 parent 68.5
1674 837 child 71.2
1675 838 parent 68.5
1676 838 child 71.2
1677 839 parent 68.5
1678 839 child 71.2
1679 840 parent 68.5
1680 840 child 71.2
1681 841 parent 68.5
1682 841 child 71.2
1683 842 parent 68.5
1684 842 child 71.2
1685 843 parent 68.5
1686 843 child 71.2
1687 844 parent 67.5
1688 844 child 71.2
1689 845 parent 67.5
1690 845 child 71.2
1691 846 parent 67.5
1692 846 child 71.2
1693 847 parent 67.5
1694 847 child 71.2
1695 848 parent 67.5
1696 848 child 71.2
1697 849 parent 67.5
1698 849 child 71.2
1699 850 parent 67.5
1700 850 child 71.2
1701 851 parent 67.5
1702 851 child 71.2
1703 852 parent 67.5
1704 852 child 71.2
1705 853 parent 67.5
1706 853 child 71.2
1707 854 parent 67.5
1708 854 child 71.2
1709 855 parent 65.5
1710 855 child 71.2
1711 856 parent 65.5
1712 856 child 71.2
1713 857 parent 73
1714 857 child 72.2
1715 858 parent 72.5
1716 858 child 72.2
1717 859 parent 72.5
1718 859 child 72.2
1719 860 parent 72.5
1720 860 child 72.2
1721 861 parent 72.5
1722 861 child 72.2
1723 862 parent 72.5
1724 862 child 72.2
1725 863 parent 72.5
1726 863 child 72.2
1727 864 parent 72.5
1728 864 child 72.2
1729 865 parent 71.5
1730 865 child 72.2
1731 866 parent 71.5
1732 866 child 72.2
1733 867 parent 71.5
1734 867 child 72.2
1735 868 parent 71.5
1736 868 child 72.2
1737 869 parent 71.5
1738 869 child 72.2
1739 870 parent 71.5
1740 870 child 72.2
1741 871 parent 71.5
1742 871 child 72.2
1743 872 parent 71.5
1744 872 child 72.2
1745 873 parent 71.5
1746 873 child 72.2
1747 874 parent 70.5
1748 874 child 72.2
1749 875 parent 70.5
1750 875 child 72.2
1751 876 parent 70.5
1752 876 child 72.2
1753 877 parent 70.5
1754 877 child 72.2
1755 878 parent 69.5
1756 878 child 72.2
1757 879 parent 69.5
1758 879 child 72.2
1759 880 parent 69.5
1760 880 child 72.2
1761 881 parent 69.5
1762 881 child 72.2
1763 882 parent 69.5
1764 882 child 72.2
1765 883 parent 69.5
1766 883 child 72.2
1767 884 parent 69.5
1768 884 child 72.2
1769 885 parent 69.5
1770 885 child 72.2
1771 886 parent 69.5
1772 886 child 72.2
1773 887 parent 69.5
1774 887 child 72.2
1775 888 parent 69.5
1776 888 child 72.2
1777 889 parent 68.5
1778 889 child 72.2
1779 890 parent 68.5
1780 890 child 72.2
1781 891 parent 68.5
1782 891 child 72.2
1783 892 parent 68.5
1784 892 child 72.2
1785 893 parent 67.5
1786 893 child 72.2
1787 894 parent 67.5
1788 894 child 72.2
1789 895 parent 67.5
1790 895 child 72.2
1791 896 parent 67.5
1792 896 child 72.2
1793 897 parent 65.5
1794 897 child 72.2
1795 898 parent 73
1796 898 child 73.2
1797 899 parent 73
1798 899 child 73.2
1799 900 parent 73
1800 900 child 73.2
1801 901 parent 72.5
1802 901 child 73.2
1803 902 parent 72.5
1804 902 child 73.2
1805 903 parent 71.5
1806 903 child 73.2
1807 904 parent 71.5
1808 904 child 73.2
1809 905 parent 70.5
1810 905 child 73.2
1811 906 parent 70.5
1812 906 child 73.2
1813 907 parent 70.5
1814 907 child 73.2
1815 908 parent 69.5
1816 908 child 73.2
1817 909 parent 69.5
1818 909 child 73.2
1819 910 parent 69.5
1820 910 child 73.2
1821 911 parent 69.5
1822 911 child 73.2
1823 912 parent 68.5
1824 912 child 73.2
1825 913 parent 68.5
1826 913 child 73.2
1827 914 parent 68.5
1828 914 child 73.2
1829 915 parent 72.5
1830 915 child 73.7
1831 916 parent 72.5
1832 916 child 73.7
1833 917 parent 72.5
1834 917 child 73.7
1835 918 parent 72.5
1836 918 child 73.7
1837 919 parent 71.5
1838 919 child 73.7
1839 920 parent 71.5
1840 920 child 73.7
1841 921 parent 70.5
1842 921 child 73.7
1843 922 parent 70.5
1844 922 child 73.7
1845 923 parent 70.5
1846 923 child 73.7
1847 924 parent 69.5
1848 924 child 73.7
1849 925 parent 69.5
1850 925 child 73.7
1851 926 parent 69.5
1852 926 child 73.7
1853 927 parent 69.5
1854 927 child 73.7
1855 928 parent 69.5
1856 928 child 73.7
